,Year,V_crime,NV_crime,city_crime_total
0,1981,157080,164429,321509
1,1982,144111,178367,322478
2,1983,132766,467566,600332
3,1984,132462,449259,581721
4,1985,135336,198180,333516
5,1986,143325,223704,367029
6,1987,148422,150397,298819
7,1988,162978,543909,706887
8,1989,169542,536669,706211
9,1990,174626,492635,667261
10,1991,171246,284460,455706
11,1992,162477,395792,558269
12,1993,156056,545895,701951
13,1994,138454,556423,694877
14,1995,114062,173135,287197
15,1996,98708,188476,287184
16,1997,93094,469568,562662
17,1998,86209,469165,555374
18,1999,79258,215863,295121
19,2000,75946,150987,226933
20,2002,68478,240710,309188
21,2003,64003,154755,218758
22,2004,59622,509152,568774
23,2005,55905,509720,565625
24,2006,54780,569765,624545
25,2007,52194,264845,317039
26,2008,50556,491490,542046
27,2009,48549,328098,376647
